[ -4.03639796e-03,   3.95850969e-01,   9.09616311e+01]
[ -4.03639796e-03,   3.95850969e-01,   9.09616311e+01]
[  2.44590821e-03,  -1.07178901e+00,   1.53280888e+02]
[  2.07611238e-04,  -6.81332755e-01,   1.01364502e+02]
[ -1.48172034e-03,  -2.40153658e-01,   4.90700583e+01]
[ -1.12171276e-03,   1.07991341e+00,   2.33426702e+02]
[ -8.09089771e-03,   2.10273847e+00,   1.29013388e+02]
[ -4.02895457e-03,   1.33889650e+00,   7.16654648e+01]
[ -1.75020772e-03,   7.77192023e-01,  -3.43619323e+00]
[  9.24650589e-03,  -1.58937929e+00,   3.32538353e+02]
[  3.67739607e-03,  -8.67176026e-01,   3.24490392e+02]
[  7.71941115e-03,  -1.42858224e+00,   3.32742314e+02]
