[  1.23662596e-03,  -6.83004615e-02,   2.83088133e+02].
[  5.61034450e-04,  -1.18617253e-02,   2.80204095e+02]
[ -3.88933487e-03,   1.86393834e+00,   3.08641414e+02]
[  1.05926144e-03,   8.35260110e-01,   3.18314056e+02]
[ -1.45010189e-03,   1.15827601e+00,   2.83497571e+02]
[ -1.12171276e-03,   1.07991341e+00,   2.33426702e+02]
[ -8.09089771e-03,   2.10273847e+00,   1.29013388e+02]
[  4.89238236e-04,  -1.60036973e-01,   3.02830177e+02]
[  2.15494959e-03,  -3.24791881e-01,   2.96212000e+02]
[  4.26849776e-03,  -8.81096535e-01,   3.22189675e+02]
[  3.67739607e-03,  -8.67176026e-01,   3.24490392e+02]
[  7.71941115e-03,  -1.42858224e+00,   3.32742314e+02]
